2 0 248
2 296 112
2 168 265
2 108 196
2 85 223
2 164 266
2 249 242
2 212 78
2 75 106
2 103 51
2 72 12
2 7 152
2 294 155
2 148 141
2 134 59
2 162 182
2 259 104
2 159 192
2 203 142
2 161 71
2 127 154
2 260 228
2 276 215
2 136 30
2 95 120
2 137 126
2 290 256
2 227 206
2 15 262
2 273 233
2 285 272
2 74 69
2 105 94
2 63 123
2 156 208
2 60 153
2 213 278
2 129 173
2 226 257
2 21 149
1 224
1 91
1 96
1 188
1 39
1 277
1 281
1 174
1 282
1 29
1 214
1 128
1 28
1 241
1 244
1 204
1 217
1 146
1 121
1 271
1 82
1 50
1 68
1 295
1 111
1 26
1 207
1 209
1 11
1 3
1 27
1 170
1 89
1 191
1 61
1 163
1 177
1 160
1 73
1 237
1 114
1 140
1 48
1 6
1 147
1 42
1 90
1 101
1 283
1 25
1 10
1 93
1 235
1 131
1 119
1 201
1 5
1 98
1 16
1 205
