36 7024 8879 475 9015 2821 426 1259 9947 3391 8539 1701 3727 9936 6569 8885 9009 9933 3702 4632 8168 9726 6401 5616 3019 4787 9949 881 3138 1843 5908 863 5728 2326 1147 3922 5613
34 574 1643 4746 5238 262 8218 338 6204 9351 4085 3062 2360 5395 2432 270 6952 4342 7598 2290 5897 4679 6827 6582 7859 5773 9237 8519 8746 5497 1515 894 2209 8405 1925
34 699 2328 181 1822 851 5419 1335 1043 3959 9381 87 9076 2826 6271 5388 5438 940 6309 8693 8190 9796 155 1478 6101 5887 1829 3522 188 7705 6676 3425 5617 3498 4843
35 6373 3895 384 1299 209 5289 2714 1461 7715 3276 317 2955 194 2926 6378 8658 185 5080 9058 607 4604 9407 8242 519 3219 9008 5340 1503 1339 6273 9011 3031 8789 273 6958
36 3545 7401 9559 1981 9754 7139 489 3826 8797 2050 4113 123 6694 4302 1322 2005 3808 1104 5170 8630 4984 8698 7939 582 4296 5408 807 2516 3887 7889 4477 12 3153 2904 9255 8653
35 5037 3884 8598 6881 9045 4614 8546 1632 3977 8062 7594 462 7387 5567 3672 3691 5776 3286 242 2658 9037 791 4124 3067 6169 3449 7266 1743 4127 8304 1747 3712 1681 3928 7843
35 4131 6066 5352 8592 4924 3023 7223 5626 7205 7848 8142 8920 479 6653 937 5665 1252 2949 7936 5380 5534 9302 3781 7808 777 9678 4947 6950 3053 6250 3435 2864 7240 8563 7712
36 8727 814 2685 4722 5862 4203 3547 7167 7696 9522 6086 1680 244 6342 7260 3295 69 5952 2507 4103 1999 7433 402 2973 7068 7891 9324 5250 6381 9946 6160 1661 586 8368 6090 4304
35 2355 1755 1159 3821 204 3759 4861 4833 7722 8565 2727 5731 2093 5244 3428 9528 3635 6224 4096 4484 8616 3144 7528 4755 4380 9627 8613 3486 6647 589 2464 8738 2048 9983 8126
35 7787 1890 9116 9427 3859 1690 6570 6251 1936 6256 9069 4499 8341 5122 4529 9640 1318 8679 7421 2370 8790 9168 8496 3094 8310 617 7767 7883 999 1355 6835 1261 8834 5477 1082
34 7706 5738 4583 559 2892 7333 1784 3095 860 923 4610 6780 1789 6383 5256 8532 5247 5913 424 8669 2258 7637 3912 4311 1229 8132 9401 2588 2865 2606 7372 471 4552 1097
35 9213 1221 2344 6102 3555 3016 9390 269 3249 4785 1904 8160 7999 4079 7714 2506 2372 6715 1356 5760 4625 6211 4593 1807 2569 4260 2708 4008 6575 9342 1842 3182 816 9992 6146
35 5439 7472 971 9176 6662 9907 9877 9426 8001 6188 2998 57 8200 8962 1897 3533 6775 91 7644 2203 3098 4692 4994 9865 7417 7958 7930 2591 381 9527 4268 6229 7876 3811 658
35 7329 4327 8083 7009 4223 892 7003 125 7497 5273 6990 20 9243 9849 1257 8154 9576 4480 1049 6899 8481 5791 8256 1245 910 5888 9938 6076 2642 8711 9367 8967 942 8707 3803
36 9035 6996 3321 1716 1071 1492 764 418 9706 7321 9784 2947 3640 8107 1268 5596 2181 4728 3823 3514 4134 3938 6147 8631 6574 265 5487 5075 5902 830 9928 7866 251 8423 6988 6794
35 1523 9775 8246 4566 103 1905 8508 4432 2793 3227 8502 9355 9811 4111 2683 4006 9896 2981 4235 8192 51 4402 1241 1652 1107 492 7664 6037 2006 5171 6965 4864 7282 1603 1741
34 4217 357 3437 2774 5054 3349 9499 5052 9669 4858 5153 4256 4176 6088 6663 9118 5622 5603 911 18 1556 880 8560 3420 4999 2001 2749 8372 8999 8058 9224 4121 1687 6113
35 1546 6326 2173 2711 9954 2911 4786 4921 7189 2119 9150 2581 3638 5149 8724 7399 1296 9498 3543 7373 7949 6714 9411 9046 2987 5515 5591 8049 289 8377 7316 4040 8303 8728 3408
34 640 268 4951 7337 4300 8043 3652 7466 433 2582 5789 411 4536 9209 8211 4298 801 5844 326 1990 891 7583 9205 5523 1753 6207 72 1974 3269 7012 1099 1036 649 9552
35 336 6615 2692 9744 5193 7340 3937 9803 7496 7510 3933 9790 4758 3289 8979 9888 3013 135 6510 3947 4416 5560 834 2349 1848 6855 2259 3237 6534 9955 1742 1570 3501 3710 935
34 2036 6626 2101 8167 9388 9511 5601 6851 9479 1344 6878 216 6706 3223 5112 9960 1615 1761 6409 576 811 55 369 1806 864 7098 1809 2649 8638 4335 1451 6470 1798 8708
35 4479 9041 3889 9143 2785 4355 8426 9458 989 4648 7997 1957 3193 1046 7545 3512 5735 1360 2164 2568 8464 3441 1576 5614 2677 5671 7475 2491 6978 7460 9714 9175 1591 8900 8330
36 4525 629 2379 3939 4238 8467 7464 52 2320 9085 3762 5414 6683 2248 6029 3705 2400 6932 65 3456 8005 538 6347 1735 9236 7075 7880 1536 8742 303 5832 8763 3892 573 1413 1537
35 6796 4958 8759 4696 8365 7978 4965 4033 3393 6610 2902 4694 8946 6282 6621 9331 1577 9994 3639 744 3769 4051 727 4627 4273 3869 1455 3038 1289 4286 4646 226 8194 7375 8756
35 4609 4928 1799 6291 3800 6455 3261 5448 789 4109 823 655 4279 9729 9872 9357 1991 2887 4631 8099 3274 341 7966 7251 376 232 5564 3542 6786 6453 1627 5724 1816 4774 1640
34 3503 1900 590 8574 5422 8327 5713 2232 4957 4360 167 8566 7917 1482 5910 2674 6884 8034 312 4514 600 238 3936 4659 2811 1035 5492 1441 4838 684 8180 2359 8051 4254
36 6579 8453 9235 3687 3474 2313 2186 3765 3713 8627 8933 7568 8361 3128 9654 3862 2298 9531 9245 1516 652 6469 5132 8212 7449 3055 4329 7816 1909 64 9019 9084 6817 1555 8098 8047
34 4513 1365 1098 7597 5480 8820 8293 6557 2707 654 8436 1370 513 9350 2940 9075 4709 5481 5061 7786 5410 9855 9456 6984 6594 3271 7254 455 1408 5928 1462 603 9916 836
35 8100 8060 3305 5118 2736 1119 7596 8149 4444 2524 4633 8205 885 9707 1315 3521 792 1700 5168 4989 817 4612 7029 7660 8245 7653 8009 8702 7415 2346 2073 6684 5248 8250 6689
36 3243 7920 3192 1378 6905 7428 4820 5754 86 7253 2783 7092 4941 3650 1381 8363 7294 5982 2663 7010 4307 8370 499 2014 821 5066 4743 2282 7743 970 3041 9376 599 1683 2500 7236
35 7766 4715 2431 1634 9418 2112 6103 3205 388 5109 1068 9310 810 2368 8853 1501 5071 7888 3350 2862 6732 8183 1192 5472 6910 4301 4427 1750 8915 739 4904 4703 2052 1642 7665
34 320 1586 1194 541 4108 9325 1014 3071 2223 7840 7034 7204 5136 1440 4849 638 2178 6761 2896 3952 8209 595 2912 1438 6928 8591 4483 5715 4697 2654 3911 5091 765 5079
34 5649 26 3955 2087 9574 8861 5539 3410 4065 882 2212 2167 4773 2963 5804 3754 6755 4911 4735 1594 439 3518 4882 3511 137 5329 6954 4251 8447 1965 496 4986 2108 7207
34 2533 6813 3654 9908 2622 6435 9760 8276 6934 132 2679 5225 4189 3532 8561 1277 694 849 4415 5723 905 1490 5050 6868 9142 8174 1776 7628 3841 7473 1121 1183 198 2562
36 1860 4726 7174 275 8941 8685 3029 7276 9185 5034 394 5652 5940 2944 5377 5196 5679 3365 3327 6422 7303 9298 1213 283 306 1007 4468 8480 9544 2888 1308 8366 3229 8709 660 8018
35 9299 3716 2915 2828 1773 959 5157 7501 6925 9740 421 6605 4175 1060 9537 9851 9575 9823 1952 1961 2184 6495 2521 9962 3965 6128 8090 3487 7728 933 6142 7819 5930 7669 7831
35 9953 166 1711 3568 493 7941 7331 3282 7904 3602 5604 6374 5015 8295 6011 9777 4036 2396 8993 406 1947 3215 8867 2489 2754 994 3571 2527 4834 6303 8956 7457 7310 9769 171
34 370 955 3051 583 8528 557 1164 230 1881 8567 9844 9275 4178 7062 1048 8636 2710 78 9504 2111 5295 401 7755 5464 9182 7681 7293 6106 4584 9368 6304 53 8163 1940
35 1384 4132 1175 5135 6727 4059 8151 5516 3217 1151 2470 1424 762 1473 8334 5936 4541 2117 5893 2850 3690 9516 7064 5013 1549 7197 5084 4391 3738 4723 4930 8518 8857 5432 7951
35 3102 6448 8973 4014 7050 802 5712 6562 3904 3086 5447 6057 361 3632 6155 5383 1041 1304 3304 9766 3618 4558 2058 7587 8236 9415 6721 4446 6008 5911 2247 3494 7794 8807 4675
35 4733 4494 8177 2529 8990 6795 5360 6508 565 5763 5903 2891 6981 6262 1882 4345 8517 3418 8897 8823 9589 9212 2738 8725 2977 964 5025 255 4222 8744 27 9746 4461 6297 8793
35 7481 1085 4948 7044 9987 5650 5088 7445 3525 9167 4922 1934 3718 673 7120 126 1445 4841 4306 3909 5390 729 6368 1849 485 8102 7678 3714 4266 7661 7291 5780 6917 9311 1163
36 2922 3485 3010 5098 6778 664 5920 249 2767 7476 9889 58 1421 7562 3211 9852 7255 8585 9879 3297 2964 7903 5065 9557 5378 5833 325 1676 7313 3513 8347 8774 4498 8715 8832 8175
34 2636 8460 291 8474 8219 2833 4600 3468 4672 1691 314 1474 1794 5469 7265 6369 318 7836 553 130 8860 5757 247 8943 3729 5694 4425 7241 8402 9663 7418 3742 8958 436
35 6896 6980 3378 8512 6547 3747 2551 4024 6546 3362 9386 7345 987 8887 9601 1518 9330 8435 215 234 6763 5195 5707 9137 9064 6719 4872 8564 758 8104 2755 8302 1067 4158 7359
35 7035 5284 7606 1507 2413 2063 4501 8628 6201 227 8529 8924 5463 7752 5424 3647 3091 8998 5872 7595 393 5851 9068 5548 4611 3090 6941 1454 3731 5634 9791 5005 8911 3626 3324
34 38 8918 8749 8356 5732 4151 4804 1959 4312 2938 3552 30 6295 3463 3886 9646 1182 8320 6679 494 4592 7698 4376 29 9457 5430 2089 9951 8716 2640 6824 4288 1954 4009
35 8053 9598 7488 4776 7781 6131 6412 2813 8767 7341 5621 4400 2559 5965 9141 6111 6991 6864 2937 9629 1170 1967 4815 3184 328 3974 9223 9780 543 8309 1432 844 7297 443 223
36 1158 35 9648 5104 703 4747 458 34 1177 3045 2960 9591 6336 1725 9538 953 7806 932 2493 7566 4080 4166 3557 8178 8070 9911 2421 1770 2703 6589 42 8465 6365 7083 9555 7045
35 9107 6926 4960 9868 5540 6520 7801 1812 3359 1987 8458 6506 3247 2409 5576 3914 5701 324 6353 8057 1116 4628 2340 8720 4116 2354 5822 7017 5783 1416 6233 8635 4043 847 9200
35 147 1148 865 9078 8407 74 5995 2308 7567 3693 9340 833 5146 4366 5311 6738 6030 1483 4635 3871 6235 4465 5639 9583 6598 387 4662 4504 4890 8162 1114 9369 2509 1434 5934
36 9274 7377 6179 8877 4082 9719 2818 757 6187 3699 6627 5551 62 2457 1756 7252 9222 9306 2332 1719 1887 1948 2315 1771 3799 6856 2311 2418 8947 6421 5906 7993 9778 8847 1167 5398
35 9421 1950 786 2444 6634 4923 3483 9814 4083 8945 3983 1730 6901 5904 5987 2394 3465 3916 9802 7643 2106 6485 5291 951 1423 9505 4148 8369 2139 3733 6449 9433 7827 3372 5152
35 9190 8985 8238 2871 9052 1521 3026 2986 1790 8482 3809 7916 3318 6049 4690 8854 6636 315 6084 8689 7071 2269 755 7511 2635 2267 3757 3497 1300 5535 9747 4399 9349 9711 1063
35 7795 1201 2068 6087 4150 1429 2999 6036 2916 3121 8133 1628 618 4491 115 4671 8731 7258 9128 6544 2007 4129 6060 8486 4049 1237 7746 3954 3637 321 2790 1081 7911 7088 2318
35 5821 1852 2851 4586 7079 1275 8795 4004 8736 2613 7059 3616 1915 9515 94 3801 2174 6617 6238 3106 7791 738 6568 2427 5197 1895 1489 9830 723 316 6937 2104 7716 6461 3373
35 9934 6528 437 9462 1228 9689 8579 2653 3118 7213 8397 429 6812 8156 8284 9382 1034 2572 3178 3888 9526 9704 225 672 8721 3915 8527 9917 6132 37 2316 6242 9481 7895 2802
35 6995 5345 2021 3188 7311 1708 1765 3791 6156 3906 6606 4605 9441 1613 6889 98 2797 360 759 3579 5259 5041 168 8244 6198 8323 9199 9148 3347 5598 6334 2673 2192 6437 9529
34 7692 3573 7749 3397 3646 3491 9053 4099 6831 861 3382 8573 3934 4054 3997 9921 8739 6019 9425 3960 9290 2225 5785 6327 8214 4475 8272 4413 7554 2386 5636 4888 9384 3070
33 1448 9338 2968 6095 8404 5912 5702 8835 8723 5101 7804 6753 2890 6094 9523 6960 6375 9448 3692 8626 6385 4871 9007 3861 5070 1705 7988 2648 6429 4637 5676 213 9003
35 8655 6330 7613 5418 478 2410 7732 5401 2196 4649 2501 2283 6987 4385 6892 6454 241 8664 3684 5044 4168 419 6526 7122 9722 5476 3060 8204 7006 6053 7798 7362 5714 5206 8373
36 4551 4207 3194 4397 5610 4620 1970 2517 3541 5307 4295 5027 8673 6688 4191 8644 6004 2120 4392 4546 7090 9543 6175 4460 5770 1624 6183 3528 1212 9590 106 1321 9061 756 290 9510
34 7533 8069 6843 1706 7874 5194 4309 4768 8677 5646 6674 6280 5765 1986 8032 447 8195 4110 7256 162 597 1084 2345 687 8319 6191 9106 5907 3436 968 917 4022 3658 8959
35 3701 4828 5399 5370 6731 3342 5318 6771 9918 2441 3076 4011 5968 838 853 6577 1976 6586 7832 2942 2497 2495 8596 1431 2378 4938 2172 2868 7060 3621 8446 4000 6640 7569 5788
35 5230 7367 6511 8675 4155 4539 2147 1544 9682 9880 39 3389 3446 5351 6096 3170 4809 5163 5498 5661 7196 3850 2709 1573 6180 1817 1030 6020 7770 6210 3717 803 254 6025 6904
36 3311 8343 8893 398 5286 5710 5264 6047 3427 8181 4730 4208 6512 8468 3329 9090 9131 5829 9748 5532 3745 8937 6791 1293 1425 3402 6758 3964 9313 4545 6718 8197 3755 4982 6350 1649
34 6826 9922 6560 298 7761 5068 1270 555 6711 644 1554 1504 3083 1785 1786 9675 5781 4084 4336 8290 4831 4673 8866 4568 5589 3881 6141 3072 4177 7344 7677 9322 9193 1531
35 6664 4244 7011 2286 1361 1685 8687 2144 1394 4162 9697 4359 1033 6897 680 3255 4985 1942 9149 197 3978 3773 8419 8239 5234 2235 3563 1682 5055 5786 1746 127 3827 2307 4622
36 692 4126 1278 4530 1486 7042 6312 2473 6603 1988 3287 2846 5879 4218 5573 8489 1217 304 3584 3740 1480 2411 9072 6538 542 272 6462 6083 8208 9887 7215 9320 8547 3375 9932 7691
36 1345 319 4905 9449 9892 925 4791 9571 754 2758 6427 3191 5819 3230 3228 5750 2384 5087 5867 5669 5036 7861 1872 7730 4502 4970 161 142 7056 8682 4340 6524 4853 9774 8072 85
36 4412 8771 7096 444 9244 3079 5885 9285 3994 8741 3173 1567 8261 9453 5178 5552 1927 9897 4453 9036 178 5108 8063 1103 5680 878 8666 5402 4182 2334 7718 8816 5948 8762 7451 9963
36 7499 636 6770 9169 6358 7590 1670 2602 3772 5831 6006 992 5842 5585 4363 4104 5172 6887 8285 4738 3858 9620 4817 1153 495 7450 9656 2502 5767 5827 6729 2546 1945 1993 6477 2726
35 5063 6554 7419 7358 1678 8454 9202 4867 4835 6050 6852 4181 6039 9597 544 1222 624 7600 2720 1142 6463 2801 6822 6819 5989 1128 2822 3535 82 7844 6699 1113 1903 7784 5618
35 5199 3088 4971 7909 8008 5308 8026 2557 8075 2543 5405 345 2329 5697 5878 3387 5396 9432 5462 5277 6331 2194 6408 149 6911 1738 5834 7015 4428 4876 2966 606 8395 1893 1797
34 7505 2953 9420 1962 3361 9833 7935 5839 8568 5117 6583 6174 5859 9984 3590 2610 9864 9846 6181 9832 8292 3589 6167 4456 938 331 7166 4026 346 8350 450 625 9845 4940
35 202 7823 9950 1129 6875 527 8448 5686 1772 682 6498 1051 6686 6820 1418 7592 7245 8004 518 9130 5094 7164 438 656 9973 6660 6986 2991 4013 4055 1220 5999 2185 1022 224
35 1247 7792 5407 2689 8665 6760 2731 1625 6525 1092 7869 2304 2214 8441 701 6364 2796 9146 7789 8692 9666 8837 5886 2287 6492 7736 7721 7864 866 7235 1102 4950 9530 4953 1795
34 5895 5255 9494 1871 6243 6041 9066 7842 2806 8633 5404 4554 6252 5823 2901 9352 1838 1472 7305 7894 4771 4975 5126 6553 2900 6294 3891 5768 1146 3944 308 4246 5076 2718
35 2563 400 9114 5588 886 8275 3049 5835 3210 3082 2808 7867 3999 2337 2008 6784 9269 3248 1600 1675 8274 5337 6973 2255 3054 6861 3768 2603 5951 422 6467 4195 2782 1409 9080
36 3856 76 1630 1037 6362 4925 3368 323 5504 9129 7871 7106 704 8348 2978 4806 3538 7156 5784 9105 7188 8420 3250 1825 7744 4331 2305 7280 7734 3476 3890 6764 7701 3344 9578 7807
35 7615 9592 9995 5529 217 3957 8349 4179 1595 1481 895 5113 2879 8701 8305 8586 2511 9126 7054 4987 1846 3572 9165 116 7093 1569 5470 261 1606 4202 3377 1200 9565 4071 1340
