2 7957 5342
2 519 8251
2 1776 6441
2 6663 5591
2 9679 7315
2 5860 3244
1 8758
2 6916 2197
2 9888 9168
2 2316 9126
2 2061 4054
2 5086 8405
2 4058 9600
2 4618 7029
2 7929 5774
2 7401 4473
2 4855 7251
2 273 8626
2 3444 9391
2 8703 6295
2 117 6051
1 7913
2 6695 5659
2 7040 7959
2 3855 3014
2 3371 9048
2 9675 2820
2 6198 1905
1 9449
2 4307 7836
2 375 446
2 1040 2155
2 222 6890
2 1005 8625
1 9550
2 3555 1288
1 1135
1 3578
2 5424 9032
2 4894 6715
2 920 8738
2 9799 1633
2 2559 4399
2 961 2253
2 372 2358
2 7952 6993
2 24 836
2 2869 1120
2 8962 5784
2 4637 8538
2 4150 3140
2 6115 1462
2 3988 2815
2 5885 7814
2 541 7918
2 4143 9390
2 6228 7057
2 622 3523
2 1833 3115
2 6961 7332
2 29 3809
2 1664 4737
2 55 2494
2 9523 7878
2 9216 7426
2 9283 0
2 4842 4458
2 2576 2193
2 4346 2427
2 1867 73
2 1888 7869
2 734 8895
2 3149 7673
2 7119 6520
2 4214 2421
1 7862
2 157 690
2 2986 8638
2 297 78
2 1978 2806
2 3103 6096
2 5341 5788
2 2912 6315
2 3281 8084
2 5716 4978
2 957 9034
2 6724 6693
2 3693 8606
2 2020 2100
2 8395 3153
2 2008 3558
3 8406 6988 8046
2 5598 2363
2 3030 5828
2 3471 948
2 7141 3914
2 8102 4492
2 8840 2148
2 585 7904
2 268 8235
2 4495 3224
2 1353 8972
2 5406 7822
2 8342 8452
1 5649
2 7640 5493
2 1528 926
2 583 4908
2 2941 8966
2 8204 3652
2 3025 9398
2 1735 1643
2 5304 5773
1 4829
2 741 9129
2 5381 5048
2 9979 9389
2 8559 6667
1 6321
2 3743 2188
2 9581 6339
2 1269 3198
1 6039
2 8520 2615
2 3457 6700
2 8728 5499
2 4687 7152
2 3564 9668
2 580 5817
2 6649 316
2 61 4199
2 4788 1599
2 5161 8238
2 6456 5652
2 8179 5051
2 6952 7295
2 7877 7983
2 7799 8156
2 489 4841
2 9207 9206
1 8184
2 8420 8409
2 8675 2606
2 6424 3337
2 5245 9764
2 6160 1506
1 7468
2 1866 242
2 3692 9056
2 1993 9749
2 3239 6701
2 9901 7753
2 7911 5894
2 9411 2679
1 1563
2 4882 58
2 5902 6991
2 7229 2475
2 4066 9953
2 6965 9404
2 610 4267
2 7318 7566
2 2429 7977
2 6633 8704
2 2278 7074
2 2774 5664
2 9020 7756
2 9291 8275
2 9626 2334
2 9187 6371
2 8509 7283
2 4586 7509
1 4644
2 2327 2373
2 4098 662
1 7227
2 6694 8280
2 219 6976
1 2176
2 3008 8279
2 5222 7368
2 8271 4650
2 9670 2349
2 2944 6595
2 6361 831
1 3321
1 3647
2 8564 4157
1 7716
2 113 6992
2 6913 3536
2 6607 9967
2 3168 6959
2 2313 4212
2 1724 7845
2 5402 9371
2 6900 5348
2 2507 5302
2 5343 5536
2 3667 3836
2 554 3275
2 7088 3503
2 8587 302
2 6418 9616
2 9698 1495
2 8698 9448
2 6780 5718
2 6767 7976
2 6044 3745
2 4056 7035
2 2531 7842
2 3410 7953
2 5881 3184
2 1879 7219
2 8086 7238
2 8189 9885
2 2828 3927
2 1794 4905
2 7849 6490
2 394 9201
2 6269 7708
2 6843 4402
2 5027 2886
2 7709 6995
2 7188 9465
2 1332 1473
2 4475 8255
2 7064 1507
2 8213 6702
1 6912
2 8787 2961
2 3697 2372
2 4536 7221
2 6656 6955
2 1227 9615
2 7293 7517
2 2324 9196
2 5971 8633
2 6662 3158
2 1447 9058
2 3333 1127
2 1194 5272
2 9733 4577
2 6529 8724
2 1883 3132
2 7455 2361
2 7711 4286
1 8965
2 6794 8666
2 9820 1570
2 3049 7083
1 3708
2 7140 4783
1 8227
2 3655 7244
2 7186 2822
2 4877 3256
2 3546 7855
2 3245 1486
2 2589 2298
2 7810 4197
2 8029 108
2 9046 7044
2 19 4723
2 6654 5974
2 6189 6687
3 1414 3277 9005
2 8783 7946
2 3527 9061
2 6502 246
1 7109
2 9166 2824
2 2603 8723
2 4873 4401
2 6139 8260
2 8489 8433
2 5227 6158
2 1838 5775
2 8149 3792
2 567 7863
2 696 1974
2 477 9069
2 7435 7307
2 5218 9791
2 1228 3180
1 666
2 1407 7705
2 6485 443
2 7864 9217
1 3147
2 3918 7034
2 8932 1149
2 3249 107
2 7687 4457
2 4984 899
2 1384 2145
2 9090 2617
2 3276 1131
1 2297
2 1170 2113
2 9405 9454
2 5615 3871
2 2424 2493
2 1637 9887
2 658 6685
2 5727 4731
2 3005 3715
2 3409 6390
2 3294 2371
2 7028 5435
2 6404 901
2 3236 5363
2 3540 5339
2 1784 6943
2 6745 548
2 1512 4977
2 2233 9507
2 9935 3080
2 2166 4210
2 7114 8647
2 7612 2310
1 7108
2 8557 9716
3 2738 8295 2816
2 9649 7917
2 789 3134
2 8458 1623
2 8484 6637
2 7156 5760
2 1609 2158
2 817 538
2 1605 9067
2 1323 9088
2 3197 1107
2 8290 2289
2 9402 1619
2 6150 6935
2 8024 3670
2 1438 12
2 7287 9786
2 3257 8411
2 7993 6365
2 7198 1586
1 5991
2 5387 770
2 9406 7228
2 3579 452
2 1113 4971
2 3651 1987
2 8302 8168
1 3358
2 4583 8276
2 8736 79
2 9864 4324
2 7891 2491
2 1406 669
1 7948
2 5808 5456
2 3596 6311
2 5213 6300
2 7889 5778
2 4387 8581
2 7020 7725
2 9347 5485
2 3311 2139
2 7398 5150
2 3826 1581
2 8262 3254
2 739 4203
1 1803
2 4781 2521
2 5858 7304
2 1372 5388
2 1773 2389
2 3640 8282
2 8425 6302
2 2942 7839
2 8158 5233
2 5491 2786
2 3990 8839
2 4693 9909
1 7325
2 3575 4741
2 4208 5414
2 7180 9123
2 3148 858
2 6123 7752
2 6329 7524
2 2641 9711
2 2536 859
2 1860 9013
2 1630 8488
2 9463 756
2 109 8311
2 7129 2936
2 1013 807
2 4428 7978
2 5743 7310
2 7329 1645
2 5948 6691
