2 6428 1225
4 45 1 6863 1185
2 9475 9981
3 156 985 8300
3 1566 6494 8973
4 4467 6649 6734 7796
2 2717 226
3 7849 5628 9611
3 6430 3293 2344
4 2870 8155 2022 1177
3 2584 5331 4023
3 5254 7585 9530
3 6975 4738 608
3 4891 6946 6827
3 3636 354 8198
3 3353 5003 3718
4 5482 5899 8671 3901
4 3187 4704 4357 1522
4 4611 9551 7127 7534
2 8598 5422
2 719 1224
4 7138 8321 3433 5107
3 9392 9674 8629
4 6507 2070 4451 3808
3 5832 3253 8379
3 9106 4103 7262
3 6570 1645 9154
2 327 6724
4 701 7823 9896 470
4 1826 5399 9758 7368
4 7674 7813 6232 3913
3 586 4836 1851
4 7782 302 5931 9982
3 4182 5394 9085
2 8044 5464
4 3155 6725 7495 7319
3 8078 3596 7964
2 8858 5419
2 3873 398
2 9601 5098
2 3216 9653
2 3491 1033
4 1579 595 5750 4775
2 4119 2806
3 9180 3884 9604
4 3831 1240 8054 4347
4 3766 6965 7168 447
3 1813 3184 8230
4 3709 5631 5927 4871
4 1999 1973 1591 5211
4 3922 588 2602 1637
2 8786 2299
4 8424 4656 9749 3024
4 5014 2087 7762 9802
4 9168 6124 8608 6830
4 8220 325 7333 7153
4 9049 7181 9511 7540
4 8995 180 4595 9724
4 207 5957 9701 7559
2 4935 3602
3 9014 884 1480
2 78 9647
2 9888 8023
2 9435 3325
4 2209 7210 3773 8932
3 1574 4541 5708
2 4189 4010
3 8946 2910 483
4 934 5236 6054 5410
4 1141 1073 4604 7774
2 6198 17
4 4466 6712 4399 2879
3 1048 6760 4618
4 2805 6288 2460 7996
2 3423 3046
3 6950 8116 4372
3 5919 2660 5320
4 6392 2113 9920 973
2 4960 756
4 8097 4085 4133 819
2 9371 1581
4 152 8900 3776 8465
4 660 1640 8056 2155
2 4071 5651
3 5057 8034 3952
4 1587 5389 2726 233
4 5046 5692 4086 4556
3 9111 2492 6804
4 13 8313 9597 6835
4 6197 4321 9641 496
3 4764 7231 126
3 7937 6343 1291
2 9714 6387
2 4974 7570
4 3590 9998 2045 5392
3 602 440 5208
3 9321 1231 9438
2 7576 9070
2 570 4453
3 7883 3891 2810
2 4065 3790
2 5465 4035
2 7633 4752
3 7662 247 7936
3 9488 2174 4964
2 4753 1336
3 7914 6249 3048
3 8346 4814 8392
3 7148 5272 5065
3 3363 3890 341
3 4322 3327 7887
3 7427 4654 9914
3 4804 5393 2497
2 5777 2229
3 746 8804 8194
2 4852 9776
3 654 9487 6974
3 138 3594 9307
3 1965 5640 8753
3 9543 1502 6121
3 1577 4070 6301
2 8057 536
3 9988 241 3375
3 2265 2321 7688
2 1386 4596
2 1109 8119
2 2378 9567
3 3123 2488 3444
3 2672 8041 8805
2 5500 8396
3 2417 6689 3080
3 5062 1450 9403
2 1641 5816
2 4077 4609
2 7324 7143
3 4398 1732 7641
3 666 7425 4585
2 3815 6039
3 6603 7189 9481
2 2182 4706
3 4760 812 9343
2 445 1578
2 9282 2886
3 4473 1623 2661
2 5798 755
2 6669 444
3 2993 912 7911
2 7995 9534
3 6845 5672 8887
3 1472 2133 2436
3 9155 744 8114
3 993 2173 2217
2 9340 5385
2 558 481
3 2452 6110 8443
2 671 7410
2 4616 478
3 2636 5357 3580
2 7822 6487
3 395 8269 8694
3 8407 2690 1991
3 9872 5773 845
2 6190 285
3 2823 4299 5002
3 1753 8420 9784
2 6638 5150
2 8595 9465
2 2652 4404
3 3233 2128 6413
2 3902 7975
2 8315 5131
3 9284 6938 3057
3 9211 8684 9918
3 7609 4305 6511
3 5354 361 5674
2 6891 7103
3 5262 5554 1665
2 9858 1931
2 7735 2839
3 3611 5186 6164
3 9890 3088 9860
3 9328 1910 4037
3 1764 7848 2634
3 8267 840 6405
3 5370 842 2623
3 7901 6739 7021
3 7256 5498 7747
3 7760 4143 5988
3 4049 7578 7775
2 2711 4815
2 1788 5617
2 7313 8491
2 3968 5123
3 3877 6526 5361
2 8039 3276
2 3562 1845
2 2414 7476
3 1938 4812 5561
2 8698 248
3 8372 4261 9555
2 1660 5415
3 3384 2319 5698
2 9594 7079
2 2146 1652
3 8404 5038 2480
2 6956 3329
3 9960 2702 5638
2 3265 1216
3 8579 8571 9558
3 8085 801 9018
2 3581 3378
2 2563 6443
3 5524 8186 3107
3 3075 8921 6898
2 6227 1906
3 5160 8626 8307
3 6021 7040 9163
2 5030 1523
2 8546 2700
3 5645 3056 5178
2 8299 7563
3 7132 2026 4915
2 3198 2684
2 1377 7428
3 9814 1710 2907
2 5955 8429
2 4830 6939
3 5703 2246 9544
3 8184 355 2925
3 2091 7879 8696
2 5233 2118
3 2648 3371 4821
3 750 1702 9109
2 3756 7023
2 4759 4202
2 1833 3754
3 957 3728 3021
3 1204 2754 1596
2 9194 7628
3 482 4389 5284
3 7229 3473 1778
3 1599 9928 697
2 4581 9706
2 4574 2453
3 7794 7064 722
2 6791 4860
3 7613 6336 7341
3 7642 8495 5953
3 2996 8643 85
2 3860 9929
2 4634 100
3 9440 9626 4625
3 1568 7141 5644
3 9561 6678 7885
3 6257 3615 4659
3 625 8259 4962
3 9246 6083 9837
2 8246 9266
3 9446 1625 2786
3 5147 5043 7492
2 9360 923
3 1415 5060 3071
2 9445 4056
3 1752 1656 5273
3 4260 3261 7134
2 2517 1366
3 3288 3853 3570
2 7006 7285
3 2198 5655 8351
3 816 4572 6135
2 3827 6853
3 3832 8827 6371
2 6982 7027
3 7047 8233 1868
3 4980 8291 9941
2 862 5980
3 7855 6695 2406
3 9688 2988 9827
2 3210 4498
2 1387 7510
2 7566 2420
2 1030 9162
3 2766 3222 4747
3 5535 8156 1773
2 7179 7225
3 1143 8271 8151
3 773 9345 7555
2 6557 4475
2 474 7133
3 2607 1565 8964
2 1492 599
2 90 3737
2 4671 500
3 5837 1743 9510
3 5326 4924 5193
3 4662 7943 283
3 3209 759 4978
2 3452 7003
2 8653 9480
3 2765 8304 7899
3 2847 7433 8548
2 1595 9726
2 1573 1190
2 8961 6958
3 3704 3007 2791
2 5130 524
2 1130 7684
3 4349 8984 1793
2 8545 8537
3 4922 1955 2254
2 2698 4842
3 9157 7961 6216
3 6543 7208 9556
2 1942 3822
2 6488 1471
2 8394 1286
2 1359 424
3 3782 1684 98
2 8121 9779
3 3025 8563 9255
2 9718 3244
3 5388 1624 5681
3 8948 9867 6537
2 1831 3031
3 1512 6527 4058
2 8183 8016
3 2713 6195 3006
3 7639 7350 711
2 6668 4911
3 1539 7447 7908
2 2086 4187
3 9213 3621 531
2 7175 5463
2 1925 326
3 8364 5799 1993
3 9031 244 2504
3 9887 8199 7260
2 436 7732
3 7606 8444 8265
2 4447 5986
3 596 1058 8945
3 5097 3539 1627
3 3632 7357 870
2 3171 4653
2 7511 9144
3 9727 7314 9847
3 159 2402 3143
3 994 8113 8909
2 8730 9730
3 1846 6964 7577
